start,end,text
0.031,0.537,Thank you.
